
Init: 27
13 10
80 73 68 9 48 120 65 48 55 51 13 10
70 87 9 49 54 52 13 10
83 69 82 35 9 72 81 50 52 52 49 67 85 70 52 74 13 10
86 9 50 54 53 56 48 13 10
73 9 48 13 10
86 80 86 9 50 48 13 10
80 80 86 9 48 13 10
67 83 9 48 13 10
77 80 80 84 9 48 13 10
79 82 9 48 120 48 48 48 48 48 48 48 49 13 10
69 82 82 9 48 13 10
76 79 65 68 9 79 78 13 10
72 49 57 9 50 50 13 10
72 50 48 9 50 72 9 49 10
50 10
51 13 72 83 13 101 115 9 13 10
80 73 68 9 48 120 65 48 55 51 13 10
70 87 9 49 54 52 13 10
83 69 82 35 9 72 81 50 52 52 49 67 85 70 52 74 13 10
86 9 50 54 53 56 48 13 10
73 9 48 13 10
86 80 86 9 50 48 13 10
80 80 86 9 48 13 10
67 83 9 48 13 10
77 80 80 84 9 48 13 10
79 82 9 48 120 48 48 48 48 48 48 48 49 13 10
69 82 82 9 48 13 10
76 79 65 68 9 79 78 13 10
72 49 57 9 50 50 13 10
72 50 48 9 50 72 9 49 10
50 10
51 13 72 83 13 101 115 9 13 10
80 73 68 9 48 120 65 48 55 51 13 10
70 87 9 49 54 52 13 10
83 69 82 35 9 72 81 50 52 52 49 67 85 70 52 74 13 10
86 9 50 54 53 56 48 13 10
73 9 48 13 10
86 80 86 9 50 48 13 10
80 80 86 9 48 13 10
67 83 9 48 13 10
77 80 80 84 9 48 13 10
79 82 9 48 120 48 48 48 48 48 48 48 49 13 10
69 82 82 9 48 13 10
76 79 65 68 9 79 78 13 10
72 49 57 9 50 50 13 10
72 50 48 9 50 72 9 49 10
50 10
51 13 72 83 13 101 115 9 13 10
80 73 68 9 48 120 65 48 55 51 13 10
70 87 9 49 54 52 13 10
83 69 82 35 9 72 81 50 52 52 49 67 85 70 52 74 13 10
86 9 50 54 53 56 48 13 10
73 9 48 13 10
86 80 86 9 50 48 13 10
80 80 86 9 48 13 10
67 83 9 48 13 10
77 80 80 84 9 48 13 10
79 82 9 48 120 48 48 48 48 48 48 48 49 13 10
69 82 82 9 48 13 10
76 79 65 68 9 79 78 13 10
72 49 57 9 50 50 13 10
72 50 48 9 50 72 9 49 10
50 10
51 13 72 83 13 101 115 9 13 10
80 73 68 9 48 120 65 48 55 51 13 10
70 87 9 49 54 52 13 10
83 69 82 35 9 72 81 50 52 52 49 67 85 70 52 74 13 10
86 9 50 54 53 56 48 13 10
73 9 48 13 10
86 80 86 9 50 48 13 10
80 80 86 9 48 13 10
67 83 9 48 13 10
77 80 80 84 9 48 13 10
79 82 9 48 120 48 48 48 48 48 48 48 49 13 10
69 82 82 9 48 13 10
76 79 65 68 9 79 78 13 10
72 49 57 9 50 50 13 10
72 50 48 9 50 72 9 49 10
50 10
51 13 72 83 13 101 115 9 13 10
80 73 68 9 48 120 65 48 55 51 13 10
70 87 9 49 54 52 13 10
83 69 82 35 9 72 81 50 52 52 49 67 85 70 52 74 13 10
86 9 50 54 53 56 48 13 10
73 9 48 13 10
86 80 86 9 50 48 13 10
80 80 86 9 48 13 10
67 83 9 48 13 10
77 80 80 84 9 48 13 10
79 82 9 48 120 48 48 48 48 48 48 48 49 13 10
69 82 82 9 48 13 10
76 79 65 68 9 79 78 13 10
72 49 57 9 50 50 13 10
72 50 48 9 50 72 9 49 10
50 10
51 13 72 83 13 101 115 9 13 10
80 73 68 9 48 120 65 48 55 51 13 10
70 87 9 49 54 52 13 10
83 69 82 35 9 72 81 50 52 52 49 67 85 70 52 74 13 10
86 9 50 54 53 56 48 13 10
73 9 48 13 10
86 80 86 9 50 48 13 10
80 80 86 9 48 13 10
67 83 9 48 13 10
77 80 80 84 9 48 13 10
79 82 9 48 120 48 48 48 48 48 48 48 49 13 10
69 82 82 9 48 13 10
76 79 65 68 9 79 78 13 10
72 49 57 9 50 50 13 10
72 50 48 9 50 72 9 49 10
50 10
51 13 72 83 13 101 115 9 13 10
80 73 68 9 48 120 65 48 55 51 13 10
70 87 9 49 54 52 13 10
83 69 82 35 9 72 81 50 52 52 49 67 85 70 52 74 13 10
86 9 50 54 53 56 48 13 10
73 9 48 13 10
86 80 86 9 50 48 13 10
80 80 86 9 48 13 10
67 83 9 48 13 10
77 80 80 84 9 48 13 10
79 82 9 48 120 48 48 48 48 48 48 48 49 13 10
69 82 82 9 48 13 10
76 79 65 68 9 79 78 13 10
72 49 57 9 50 50 13 10
72 50 48 9 50 72 9 49 10
50 10
51 13 72 83 13 101 115 9 13 10
80 73 68 9 48 120 65 48 55 51 13 10
70 87 9 49 54 52 13 10
83 69 82 35 9 72 81 50 52 52 49 67 85 70 52 74 13 10
86 9 50 54 53 56 48 13 10
73 9 48 13 10
86 80 86 9 50 48 13 10
80 80 86 9 48 13 10
67 83 9 48 13 10
77 80 80 84 9 48 13 10
79 82 9 48 120 48 48 48 48 48 48 48 49 13 10
69 82 82 9 48 13 10
76 79 65 68 9 79 78 13 10
72 49 57 9 50 50 13 10
72 50 48 9 50 72 9 49 10
50 10
51 13 72 83 13 101 115 9 13 10
80 73 68 9 48 120 65 48 55 51 13 10
70 87 9 49 54 52 13 10
83 69 82 35 9 72 81 50 52 52 49 67 85 70 52 74 13 10
86 9 50 54 53 56 48 13 10
73 9 48 13 10
86 80 86 9 50 48 13 10
80 80 86 9 48 13 10
67 83 9 48 13 10
77 80 80 84 9 48 13 10
79 82 9 48 120 48 48 48 48 48 48 48 49 13 10
69 82 82 9 48 13 10
76 79 65 68 9 79 78 13 10
72 49 57 9 50 50 13 10
72 50 48 9 50 72 9 49 10
50 10
51 13 72 83 13 101 115 9 13 10
80 73 68 9 48 120 65 48 55 51 13 10
70 87 9 49 54 52 13 10
83 69 82 35 9 72 81 50 52 52 49 67 85 70 52 74 13 10
86 9 50 54 53 56 48 13 10
73 9 48 13 10
86 80 86 9 50 48 13 10
80 80 86 9 48 13 10
67 83 9 48 13 10
77 80 80 84 9 48 13 10
79 82 9 48 120 48 48 48 48 48 48 48 49 13 10
69 82 82 9 48 13 10
76 79 65 68 9 79 78 13 10
72 49 57 9 50 50 13 10
72 50 48 9 50 72 9 49 10
50 10
51 13 72 83 13 101 115 9 13 10
80 73 68 9 48 120 65 48 55 51 13 10
70 87 9 49 54 52 13 10
83 69 82 35 9 72 81 50 52 52 49 67 85 70 52 74 13 10
86 9 50 54 53 56 48 13 10
73 9 48 13 10
86 80 86 9 50 48 13 10
80 80 86 9 48 13 10
67 83 9 48 13 10
77 80 80 84 9 48 13 10
79 82 9 48 120 48 48 48 48 48 48 48 49 13 10
69 82 82 9 48 13 10
76 79 65 68 9 79 78 13 10
72 49 57 9 50 50 13 10
72 50 48 9 50 72 9 49 10
50 10
51 13 72 83 13 101 115 9 13 10
80 73 68 9 48 120 65 48 55 51 13 10
70 87 9 49 54 52 13 10
83 69 82 35 9 72 81 50 52 52 49 67 85 70 52 74 13 10
86 9 50 54 53 56 48 13 10
73 9 48 13 10
86 80 86 9 50 48 13 10
80 80 86 9 48 13 10
67 83 9 48 13 10
77 80 80 84 9 48 13 10
79 82 9 48 120 48 48 48 48 48 48 48 49 13 10
69 82 82 9 48 13 10
76 79 65 68 9 79 78 13 10
72 49 57 9 50 50 13 10
72 50 48 9 50 72 9 49 10
50 10
51 13 72 83 13 101 115 9 13 10
80 73 68 9 48 120 65 48 55 51 13 10
70 87 9 49 54 52 13 10
83 69 82 35 9 72 81 50 52 52 49 67 85 70 52 74 13 10
86 9 50 54 53 56 48 13 10
73 9 48 13 10
86 80 86 9 50 48 13 10
80 80 86 9 48 13 10
67 83 9 48 13 10
77 80 80 84 9 48 13 10
79 82 9 48 120 48 48 48 48 48 48 48 49 13 10
69 82 82 9 48 13 10
76 79 65 68 9 79 78 13 10
72 49 57 9 50 50 13 10
72 50 48 9 50 72 9 49 10
50 10
51 13 72 83 13 101 115 9 13 10
80 73 68 9 48 120 65 48 55 51 13 10
70 87 9 49 54 52 13 10
83 69 82 35 9 72 81 50 52 52 49 67 85 70 52 74 13 10
86 9 50 54 53 56 48 13 10
73 9 48 13 10
86 80 86 9 50 48 13 10
80 80 86 9 48 13 10
67 83 9 48 13 10
77 80 80 84 9 48 13 10
79 82 9 48 120 48 48 48 48 48 48 48 49 13 10
69 82 82 9 48 13 10
76 79 65 68 9 79 78 13 10
72 49 57 9 50 50 13 10
72 50 48 9 50 72 9 49 10
50 10
51 13 72 83 13 101 115 9 13 10
80 73 68 9 48 120 65 48 55 51 13 10
70 87 9 49 54 52 13 10
83 69 82 35 9 72 81 50 52 52 49 67 85 70 52 74 13 10
86 9 50 54 53 56 48 13 10
73 9 48 13 10
86 80 86 9 50 48 13 10
80 80 86 9 48 13 10
67 83 9 48 13 10
77 80 80 84 9 48 13 10
79 82 9 48 120 48 48 48 48 48 48 48 49 13 10
69 82 82 9 48 13 10
76 79 65 68 9 79 78 13 10
72 49 57 9 50 50 13 10
72 50 48 9 50 72 9 49 10
50 10
51 13 72 83 13 101 115 9 13 10
80 73 68 9 48 120 65 48 55 51 13 10
70 87 9 49 54 52 13 10
83 69 82 35 9 72 81 50 52 52 49 67 85 70 52 74 13 10
86 9 50 54 53 56 48 13 10
73 9 48 13 10
86 80 86 9 50 48 13 10
80 80 86 9 48 13 10
67 83 9 48 13 10
77 80 80 84 9 48 13 10
79 82 9 48 120 48 48 48 48 48 48 48 49 13 10
69 82 82 9 48 13 10
76 79 65 68 9 79 78 13 10
72 49 57 9 50 50 13 10
72 50 48 9 50 72 9 49 10
50 10
51 13 72 83 13 101 115 9 13 10
80 73 68 9 48 120 65 48 55 51 13 10
70 87 9 49 54 52 13 10
83 69 82 35 9 72 81 50 52 52 49 67 85 70 52 74 13 10
86 9 50 54 53 56 48 13 10
73 9 48 13 10
86 80 86 9 50 48 13 10
80 80 86 9 48 13 10
67 83 9 48 13 10
77 80 80 84 9 48 13 10
79 82 9 48 120 48 48 48 48 48 48 48 49 13 10
69 82 82 9 48 13 10
76 79 65 68 9 79 78 13 10
72 49 57 9 50 50 13 10
72 50 48 9 50 72 9 49 10
50 10
51 13 72 83 13 101 115 9 13 10
80 73 68 9 48 120 65 48 55 51 13 10
70 87 9 49 54 52 13 10
83 69 82 35 9 72 81 50 52 52 49 67 85 70 52 74 13 10
86 9 50 54 53 56 48 13 10
73 9 48 13 10
86 80 86 9 50 48 13 10
80 80 86 9 48 13 10
67 83 9 48 13 10
77 80 80 84 9 48 13 10
79 82 9 48 120 48 48 48 48 48 48 48 49 13 10
69 82 82 9 48 13 10
76 79 65 68 9 79 78 13 10
72 49 57 9 50 50 13 10
72 50 48 9 50 72 9 49 10
50 10
51 13 72 83 13 101 115 9 13 10
80 73 68 9 48 120 65 48 55 51 13 10
70 87 9 49 54 52 13 10
83 69 82 35 9 72 81 50 52 52 49 67 85 70 52 74 13 10
86 9 50 54 53 56 48 13 10
73 9 48 13 10
86 80 86 9 50 48 13 10
80 80 86 9 48 13 10
67 83 9 48 13 10
77 80 80 84 9 48 13 10
79 82 9 48 120 48 48 48 48 48 48 48 49 13 10
69 82 82 9 48 13 10
76 79 65 68 9 79 78 13 10
72 49 57 9 50 50 13 10
72 50 48 9 50 72 9 49 10
50 10
51 13 72 83 13 101 115 9 13 10
80 73 68 9 48 120 65 48 55 51 13 10
70 87 9 49 54 52 13 10
83 69 82 35 9 72 81 50 52 52 49 67 85 70 52 74 13 10
86 9 50 54 53 56 48 13 10
73 9 48 13 10
86 80 86 9 50 48 13 10
80 80 86 9 48 13 10
67 83 9 48 13 10
77 80 80 84 9 48 13 10
79 82 9 48 120 48 48 48 48 48 48 48 49 13 10
69 82 82 9 48 13 10
76 79 65 68 9 79 78 13 10
72 49 57 9 50 50 13 10
72 50 48 9 50 72 9 49 10
50 10
51 13 72 83 13 101 115 9 13 10
80 73 68 9 48 120 65 48 55 51 13 10
70 87 9 49 54 52 13 10
83 69 82 35 9 72 81 50 52 52 49 67 85 70 52 74 13 10
86 9 50 54 53 56 48 13 10
73 9 48 13 10
86 80 86 9 50 48 13 10
80 80 86 9 48 13 10
67 83 9 48 13 10
77 80 80 84 9 48 13 10
79 82 9 48 120 48 48 48 48 48 48 48 49 13 10
69 82 82 9 48 13 10
76 79 65 68 9 79 78 13 10
72 49 57 9 50 50 13 10
72 50 48 9 50 72 9 49 10
50 10
51 13 72 83 13 101 115 9 